[gd_scene load_steps=8 format=2]

[ext_resource path="res://Sprites/Nature/clumps/clumps_01.png" type="Texture" id=1]
[ext_resource path="res://Sprites/Nature/clumps/clumps_05.png" type="Texture" id=2]
[ext_resource path="res://Sprites/Nature/clumps/clumps_04.png" type="Texture" id=4]

[sub_resource type="QuadMesh" id=1]

[sub_resource type="SpatialMaterial" id=2]
flags_transparent = true
params_cull_mode = 2
albedo_texture = ExtResource( 1 )

[sub_resource type="SpatialMaterial" id=3]
flags_transparent = true
params_cull_mode = 2
albedo_texture = ExtResource( 4 )

[sub_resource type="SpatialMaterial" id=4]
flags_transparent = true
params_cull_mode = 2
albedo_texture = ExtResource( 2 )

[node name="GrassClump" type="Spatial"]

[node name="MeshInstance" type="MeshInstance" parent="."]
mesh = SubResource( 1 )
material/0 = SubResource( 2 )

[node name="MeshInstance2" type="MeshInstance" parent="."]
transform = Transform( -0.936666, 0, 0, 0, 1, 0, 0, 0, 1, -2.58268, 0, 0.0914741 )
mesh = SubResource( 1 )
material/0 = SubResource( 2 )

[node name="MeshInstance33" type="MeshInstance" parent="."]
transform = Transform( 1, 0, 0, 0, 1, 0, 0, 0, 1, -1.79493, 0, -0.208901 )
mesh = SubResource( 1 )
material/0 = SubResource( 3 )

[node name="MeshInstance34" type="MeshInstance" parent="."]
transform = Transform( 1, 0, 0, 0, 1, 0, 0, 0, 1, -0.877345, 0, -0.0991566 )
mesh = SubResource( 1 )
material/0 = SubResource( 3 )

[node name="MeshInstance35" type="MeshInstance" parent="."]
transform = Transform( 1, 0, 0, 0, 1, 0, 0, 0, 1, 0.767249, 0, -0.0991566 )
mesh = SubResource( 1 )
material/0 = SubResource( 3 )

[node name="MeshInstance3" type="MeshInstance" parent="."]
transform = Transform( 0.900167, 0, 0.435545, 0, 1, 0, -0.435545, 0, 0.900167, -0.0650478, 0, -0.401213 )
mesh = SubResource( 1 )
material/0 = SubResource( 2 )

[node name="MeshInstance4" type="MeshInstance" parent="."]
transform = Transform( -0.843155, 0, 0.435545, 0, 1, 0, 0.40796, 0, 0.900167, -3.19931, 0, 0.327469 )
mesh = SubResource( 1 )
material/0 = SubResource( 2 )

[node name="MeshInstance5" type="MeshInstance" parent="."]
transform = Transform( -0.936516, 0, 0.0178538, 0, 1, 0, 0.016723, 0, 0.999841, -1.14356, 0, 0.327469 )
mesh = SubResource( 1 )
material/0 = SubResource( 4 )

[node name="MeshInstance6" type="MeshInstance" parent="."]
transform = Transform( -0.936516, 0, 0.0178538, 0, 1, 0, 0.016723, 0, 0.999841, 0.229722, 0, 0.121537 )
mesh = SubResource( 1 )
material/0 = SubResource( 4 )

[node name="MeshInstance7" type="MeshInstance" parent="."]
transform = Transform( -0.936516, 0, 0.0178538, 0, 1, 0, 0.016723, 0, 0.999841, 1.20198, 0, -0.211382 )
mesh = SubResource( 1 )
material/0 = SubResource( 4 )

[node name="MeshInstance8" type="MeshInstance" parent="."]
transform = Transform( -0.936516, 0, 0.0178538, 0, 1, 0, 0.016723, 0, 0.999841, 2.01223, 0, -0.0852351 )
mesh = SubResource( 1 )
material/0 = SubResource( 4 )

[node name="MeshInstance36" type="MeshInstance" parent="."]
transform = Transform( 0.900167, 0, 0.435545, 0, 1, 0, -0.435545, 0, 0.900167, -1.77177, 0, 0.192515 )
mesh = SubResource( 1 )
material/0 = SubResource( 3 )

[node name="MeshInstance37" type="MeshInstance" parent="."]
transform = Transform( 0.900167, 0, 0.435545, 0, 1, 0, -0.435545, 0, 0.900167, -0.897991, 0, -0.108347 )
mesh = SubResource( 1 )
material/0 = SubResource( 3 )

[node name="MeshInstance38" type="MeshInstance" parent="."]
transform = Transform( 0.900167, 0, 0.435545, 0, 1, 0, -0.435545, 0, 0.900167, 0.673695, 0, -0.488652 )
mesh = SubResource( 1 )
material/0 = SubResource( 3 )
