[gd_scene load_steps=14 format=2]

[ext_resource path="res://Sprites/Nature/clumps/clumps_02.png" type="Texture" id=1]
[ext_resource path="res://Sprites/Nature/clumps/clumps_05.png" type="Texture" id=2]
[ext_resource path="res://Sprites/Nature/clumps/clumps_07.png" type="Texture" id=3]
[ext_resource path="res://Sprites/Nature/clumps/clumps_04.png" type="Texture" id=4]
[ext_resource path="res://Sprites/Nature/clumps/clumps_06.png" type="Texture" id=5]
[ext_resource path="res://Sprites/Nature/clumps/clumps_03.png" type="Texture" id=6]

[sub_resource type="QuadMesh" id=1]

[sub_resource type="SpatialMaterial" id=2]
flags_transparent = true
params_cull_mode = 2
albedo_texture = ExtResource( 5 )

[sub_resource type="SpatialMaterial" id=3]
flags_transparent = true
params_cull_mode = 2
albedo_texture = ExtResource( 3 )

[sub_resource type="SpatialMaterial" id=4]
flags_transparent = true
params_cull_mode = 2
albedo_texture = ExtResource( 4 )

[sub_resource type="SpatialMaterial" id=5]
flags_transparent = true
params_cull_mode = 2
albedo_texture = ExtResource( 2 )

[sub_resource type="SpatialMaterial" id=6]
flags_transparent = true
params_cull_mode = 2
albedo_texture = ExtResource( 6 )

[sub_resource type="SpatialMaterial" id=7]
flags_transparent = true
params_cull_mode = 2
albedo_texture = ExtResource( 1 )

[node name="GrassClump" type="Spatial"]

[node name="MeshInstance2" type="MeshInstance" parent="."]
transform = Transform( 1, 0, 0, 0, 1, 0, 0, 0, 1, -2.05493, 0, 0.0400685 )
mesh = SubResource( 1 )
material/0 = SubResource( 2 )

[node name="MeshInstance3" type="MeshInstance" parent="."]
transform = Transform( 1, 0, 0, 0, 1, 0, 0, 0, 1, -1.80271, 0, -0.0219075 )
mesh = SubResource( 1 )
material/0 = SubResource( 2 )

[node name="MeshInstance4" type="MeshInstance" parent="."]
transform = Transform( 1, 0, 0, 0, 1, 0, 0, 0, 1, 0.567887, 0, -0.0219075 )
mesh = SubResource( 1 )
material/0 = SubResource( 2 )

[node name="MeshInstance5" type="MeshInstance" parent="."]
transform = Transform( 1, 0, 0, 0, 1, 0, 0, 0, 1, 1.42304, 0, -0.363432 )
mesh = SubResource( 1 )
material/0 = SubResource( 2 )

[node name="MeshInstance6" type="MeshInstance" parent="."]
transform = Transform( 1, 0, 0, 0, 1, 0, 0, 0, 1, -3.21466, 0, -0.363432 )
mesh = SubResource( 1 )
material/0 = SubResource( 2 )

[node name="MeshInstance9" type="MeshInstance" parent="."]
transform = Transform( 1, 0, 0, 0, 1, 0, 0, 0, 1, 2.64862, 0, -0.363432 )
mesh = SubResource( 1 )
material/0 = SubResource( 2 )

[node name="MeshInstance10" type="MeshInstance" parent="."]
transform = Transform( 1, 0, 0, 0, 1, 0, 0, 0, 1, 1.36929, 0, 0.153422 )
mesh = SubResource( 1 )
material/0 = SubResource( 3 )

[node name="MeshInstance11" type="MeshInstance" parent="."]
transform = Transform( 0.818451, 0, 0.574577, 0, 1, 0, -0.574577, 0, 0.818451, -0.564225, 0, 0.153422 )
mesh = SubResource( 1 )
material/0 = SubResource( 3 )

[node name="MeshInstance12" type="MeshInstance" parent="."]
transform = Transform( 1, 0, 0, 0, 1, 0, 0, 0, 1, -1.53511, 0, 0.153422 )
mesh = SubResource( 1 )
material/0 = SubResource( 3 )

[node name="MeshInstance13" type="MeshInstance" parent="."]
transform = Transform( 1, 0, 0, 0, 1, 0, 0, 0, 1, -2.37775, 0, -0.44858 )
mesh = SubResource( 1 )
material/0 = SubResource( 3 )

[node name="MeshInstance14" type="MeshInstance" parent="."]
transform = Transform( 1, 0, 0, 0, 1, 0, 0, 0, 1, 0.434492, 0, -0.44858 )
mesh = SubResource( 1 )
material/0 = SubResource( 3 )

[node name="MeshInstance33" type="MeshInstance" parent="."]
transform = Transform( 1, 0, 0, 0, 1, 0, 0, 0, 1, -1.79493, 0, -0.208901 )
mesh = SubResource( 1 )
material/0 = SubResource( 4 )

[node name="MeshInstance34" type="MeshInstance" parent="."]
transform = Transform( 1, 0, 0, 0, 1, 0, 0, 0, 1, -0.416002, 0, -0.208901 )
mesh = SubResource( 1 )
material/0 = SubResource( 4 )

[node name="MeshInstance7" type="MeshInstance" parent="."]
transform = Transform( -0.936516, 0, 0.0178538, 0, 1, 0, 0.016723, 0, 0.999841, 1.20198, 0, -0.211382 )
mesh = SubResource( 1 )
material/0 = SubResource( 5 )

[node name="MeshInstance8" type="MeshInstance" parent="."]
transform = Transform( -0.936516, 0, 0.0178538, 0, 1, 0, 0.016723, 0, 0.999841, -2.6011, 0, -0.211382 )
mesh = SubResource( 1 )
material/0 = SubResource( 5 )

[node name="MeshInstance16" type="MeshInstance" parent="."]
transform = Transform( -0.982421, 0, 0.186678, 0, 1, 0, -0.186678, 0, -0.982421, 0.31699, 0, -0.22457 )
mesh = SubResource( 1 )
material/0 = SubResource( 2 )

[node name="MeshInstance17" type="MeshInstance" parent="."]
transform = Transform( -0.982421, 0, 0.186678, 0, 1, 0, -0.186678, 0, -0.982421, 1.23341, 0, 0.0126521 )
mesh = SubResource( 1 )
material/0 = SubResource( 2 )

[node name="MeshInstance18" type="MeshInstance" parent="."]
transform = Transform( -0.982421, 0, 0.186678, 0, 1, 0, -0.186678, 0, -0.982421, -1.09551, 0, -0.429887 )
mesh = SubResource( 1 )
material/0 = SubResource( 2 )

[node name="MeshInstance19" type="MeshInstance" parent="."]
transform = Transform( 0.98919, 0, -0.146635, 0, 1, 0, 0.146635, 0, 0.98919, 2.12021, 0, -0.206026 )
mesh = SubResource( 1 )
material/0 = SubResource( 2 )

[node name="MeshInstance20" type="MeshInstance" parent="."]
transform = Transform( 0.98919, 0, -0.146635, 0, 1, 0, 0.146635, 0, 0.98919, 0.452256, 0, -0.574524 )
mesh = SubResource( 1 )
material/0 = SubResource( 2 )

[node name="MeshInstance21" type="MeshInstance" parent="."]
transform = Transform( 0.98919, 0, -0.146635, 0, 1, 0, 0.146635, 0, 0.98919, 3.33253, 0, -0.0263123 )
mesh = SubResource( 1 )
material/0 = SubResource( 2 )

[node name="MeshInstance22" type="MeshInstance" parent="."]
transform = Transform( 0.98919, 0, -0.146635, 0, 1, 0, 0.146635, 0, 0.98919, 1.99125, 0, 0.297361 )
mesh = SubResource( 1 )
material/0 = SubResource( 3 )

[node name="MeshInstance23" type="MeshInstance" parent="."]
transform = Transform( 0.98919, 0, -0.146635, 0, 1, 0, 0.146635, 0, 0.98919, -0.400327, 0, 0.114444 )
mesh = SubResource( 1 )
material/0 = SubResource( 3 )

[node name="MeshInstance24" type="MeshInstance" parent="."]
transform = Transform( 0.98919, 0, -0.146635, 0, 1, 0, 0.146635, 0, 0.98919, -0.881762, 0, -0.128528 )
mesh = SubResource( 1 )
material/0 = SubResource( 3 )

[node name="MeshInstance25" type="MeshInstance" parent="."]
transform = Transform( -0.982421, 0, 0.186678, 0, 1, 0, -0.186678, 0, -0.982421, -0.839853, 0, -0.153477 )
mesh = SubResource( 1 )
material/0 = SubResource( 3 )

[node name="MeshInstance35" type="MeshInstance" parent="."]
transform = Transform( -0.982421, 0, 0.186678, 0, 1, 0, -0.186678, 0, -0.982421, 1.19086, 0, 0.194906 )
mesh = SubResource( 1 )
material/0 = SubResource( 4 )

[node name="MeshInstance36" type="MeshInstance" parent="."]
transform = Transform( -0.982421, 0, 0.186678, 0, 1, 0, -0.186678, 0, -0.982421, -2.49432, 0, -0.505347 )
mesh = SubResource( 1 )
material/0 = SubResource( 4 )

[node name="MeshInstance27" type="MeshInstance" parent="."]
transform = Transform( 0.923175, 0, 0.169109, 0, 1, 0, 0.158398, 0, -0.985598, -1.75383, 0, -0.362115 )
mesh = SubResource( 1 )
material/0 = SubResource( 5 )

[node name="MeshInstance28" type="MeshInstance" parent="."]
transform = Transform( 0.923175, 0, 0.169109, 0, 1, 0, 0.158398, 0, -0.985598, 1.98239, 0, 0.347837 )
mesh = SubResource( 1 )
material/0 = SubResource( 5 )

[node name="MeshInstance29" type="MeshInstance" parent="."]
transform = Transform( -0.95328, 0, -0.302087, 0, 1, 0, 0.302087, 0, -0.95328, 0.394411, 0, -0.212595 )
mesh = SubResource( 1 )
material/0 = SubResource( 6 )

[node name="MeshInstance30" type="MeshInstance" parent="."]
transform = Transform( -0.95328, 0, -0.302087, 0, 1, 0, 0.302087, 0, -0.95328, 0.166853, 0, -0.510016 )
mesh = SubResource( 1 )
material/0 = SubResource( 2 )

[node name="MeshInstance31" type="MeshInstance" parent="."]
transform = Transform( -0.95328, 0, -0.302087, 0, 1, 0, 0.302087, 0, -0.95328, 1.08604, 0, -0.736287 )
mesh = SubResource( 1 )
material/0 = SubResource( 2 )

[node name="MeshInstance32" type="MeshInstance" parent="."]
transform = Transform( -0.95328, 0, -0.302087, 0, 1, 0, 0.302087, 0, -0.95328, -1.1738, 0, -0.0201592 )
mesh = SubResource( 1 )
material/0 = SubResource( 2 )

[node name="MeshInstance37" type="MeshInstance" parent="."]
transform = Transform( -0.95328, 0, -0.302087, 0, 1, 0, 0.302087, 0, -0.95328, -1.88583, 0, 0.56374 )
mesh = SubResource( 1 )
material/0 = SubResource( 2 )

[node name="MeshInstance38" type="MeshInstance" parent="."]
transform = Transform( -0.95328, 0, -0.302087, 0, 1, 0, 0.302087, 0, -0.95328, 2.5352, 0, -0.83725 )
mesh = SubResource( 1 )
material/0 = SubResource( 2 )

[node name="MeshInstance39" type="MeshInstance" parent="."]
transform = Transform( -0.95328, 0, -0.302087, 0, 1, 0, 0.302087, 0, -0.95328, -3.05415, 0, 0.933973 )
mesh = SubResource( 1 )
material/0 = SubResource( 2 )

[node name="MeshInstance40" type="MeshInstance" parent="."]
transform = Transform( -0.95328, 0, -0.302087, 0, 1, 0, 0.302087, 0, -0.95328, -1.99073, 0, 0.054797 )
mesh = SubResource( 1 )
material/0 = SubResource( 3 )

[node name="MeshInstance41" type="MeshInstance" parent="."]
transform = Transform( -0.95328, 0, -0.302087, 0, 1, 0, 0.302087, 0, -0.95328, 0.757092, 0, -0.398096 )
mesh = SubResource( 1 )
material/0 = SubResource( 3 )

[node name="MeshInstance42" type="MeshInstance" parent="."]
transform = Transform( -0.95328, 0, -0.302087, 0, 1, 0, 0.302087, 0, -0.95328, 0.777981, 0, -0.822587 )
mesh = SubResource( 1 )
material/0 = SubResource( 3 )

[node name="MeshInstance43" type="MeshInstance" parent="."]
transform = Transform( -0.95328, 0, -0.302087, 0, 1, 0, 0.302087, 0, -0.95328, 1.7631, 0, -0.503259 )
mesh = SubResource( 1 )
material/0 = SubResource( 3 )

[node name="MeshInstance44" type="MeshInstance" parent="."]
transform = Transform( -0.95328, 0, -0.302087, 0, 1, 0, 0.302087, 0, -0.95328, 0.835495, 0, -0.0383518 )
mesh = SubResource( 1 )
material/0 = SubResource( 3 )

[node name="MeshInstance45" type="MeshInstance" parent="."]
transform = Transform( -0.95328, 0, -0.302087, 0, 1, 0, 0.302087, 0, -0.95328, 1.13511, 0, -0.555679 )
mesh = SubResource( 1 )
material/0 = SubResource( 4 )

[node name="MeshInstance46" type="MeshInstance" parent="."]
transform = Transform( -0.95328, 0, -0.302087, 0, 1, 0, 0.302087, 0, -0.95328, -2.44076, 0, 0.577488 )
mesh = SubResource( 1 )
material/0 = SubResource( 4 )

[node name="MeshInstance47" type="MeshInstance" parent="."]
transform = Transform( 0.88771, 0, -0.319059, 0, 1, 0, -0.298851, 0, -0.947735, -1.72103, 0, 0.352015 )
mesh = SubResource( 1 )
material/0 = SubResource( 5 )

[node name="MeshInstance48" type="MeshInstance" parent="."]
transform = Transform( 0.88771, 0, -0.319059, 0, 1, 0, -0.298851, 0, -0.947735, 1.90436, 0, -0.796846 )
mesh = SubResource( 1 )
material/0 = SubResource( 5 )

[node name="MeshInstance49" type="MeshInstance" parent="."]
transform = Transform( -0.317401, 0, -0.100582, 0, 0.332956, 0, 0.100582, 0, -0.317401, -1.46968, -0.169317, -0.212595 )
mesh = SubResource( 1 )
material/0 = SubResource( 7 )

[node name="MeshInstance65" type="MeshInstance" parent="."]
transform = Transform( 0.0630633, 0, -0.32693, 0, 0.332956, 0, 0.32693, 0, 0.0630633, -2.89626, -0.169317, -0.212595 )
mesh = SubResource( 1 )
material/0 = SubResource( 7 )

[node name="MeshInstance66" type="MeshInstance" parent="."]
transform = Transform( 0.256455, 0, -0.212346, 0, 0.332956, 0, 0.212346, 0, 0.256455, -0.504214, -0.169317, -0.212595 )
mesh = SubResource( 1 )
material/0 = SubResource( 7 )

[node name="MeshInstance67" type="MeshInstance" parent="."]
transform = Transform( 0.256455, 0, -0.212346, 0, 0.332956, 0, 0.212346, 0, 0.256455, 1.2146, -0.169317, -0.212595 )
mesh = SubResource( 1 )
material/0 = SubResource( 7 )

[node name="MeshInstance50" type="MeshInstance" parent="."]
transform = Transform( -0.95328, 0, -0.302087, 0, 1, 0, 0.302087, 0, -0.95328, 0.166853, 0, -0.510016 )
mesh = SubResource( 1 )
material/0 = SubResource( 2 )

[node name="MeshInstance51" type="MeshInstance" parent="."]
transform = Transform( -0.95328, 0, -0.302087, 0, 1, 0, 0.302087, 0, -0.95328, 1.08604, 0, -0.736287 )
mesh = SubResource( 1 )
material/0 = SubResource( 2 )

[node name="MeshInstance52" type="MeshInstance" parent="."]
transform = Transform( -0.95328, 0, -0.302087, 0, 1, 0, 0.302087, 0, -0.95328, -1.41679, 0, -0.0201592 )
mesh = SubResource( 1 )
material/0 = SubResource( 2 )

[node name="MeshInstance53" type="MeshInstance" parent="."]
transform = Transform( -0.95328, 0, -0.302087, 0, 1, 0, 0.302087, 0, -0.95328, -1.88583, 0, 0.56374 )
mesh = SubResource( 1 )
material/0 = SubResource( 2 )

[node name="MeshInstance54" type="MeshInstance" parent="."]
transform = Transform( -0.95328, 0, -0.302087, 0, 1, 0, 0.302087, 0, -0.95328, 2.5352, 0, -0.83725 )
mesh = SubResource( 1 )
material/0 = SubResource( 2 )

[node name="MeshInstance55" type="MeshInstance" parent="."]
transform = Transform( -0.95328, 0, -0.302087, 0, 1, 0, 0.302087, 0, -0.95328, -3.05415, 0, 0.933973 )
mesh = SubResource( 1 )
material/0 = SubResource( 2 )

[node name="MeshInstance56" type="MeshInstance" parent="."]
transform = Transform( -0.95328, 0, -0.302087, 0, 1, 0, 0.302087, 0, -0.95328, -1.99073, 0, 0.054797 )
mesh = SubResource( 1 )
material/0 = SubResource( 3 )

[node name="MeshInstance57" type="MeshInstance" parent="."]
transform = Transform( -0.95328, 0, -0.302087, 0, 1, 0, 0.302087, 0, -0.95328, 0.203885, 0, -0.398096 )
mesh = SubResource( 1 )
material/0 = SubResource( 3 )

[node name="MeshInstance58" type="MeshInstance" parent="."]
transform = Transform( -0.95328, 0, -0.302087, 0, 1, 0, 0.302087, 0, -0.95328, 0.777981, 0, -0.822587 )
mesh = SubResource( 1 )
material/0 = SubResource( 3 )

[node name="MeshInstance59" type="MeshInstance" parent="."]
transform = Transform( -0.95328, 0, -0.302087, 0, 1, 0, 0.302087, 0, -0.95328, 1.7631, 0, -0.503259 )
mesh = SubResource( 1 )
material/0 = SubResource( 3 )

[node name="MeshInstance60" type="MeshInstance" parent="."]
transform = Transform( -0.916495, 0, -0.400045, 0, 1, 0, 0.400045, 0, -0.916495, 0.29602, 0, -0.0383518 )
mesh = SubResource( 1 )
material/0 = SubResource( 3 )

[node name="MeshInstance61" type="MeshInstance" parent="."]
transform = Transform( -0.95328, 0, -0.302087, 0, 1, 0, 0.302087, 0, -0.95328, 1.13511, 0, -0.555679 )
mesh = SubResource( 1 )
material/0 = SubResource( 4 )

[node name="MeshInstance62" type="MeshInstance" parent="."]
transform = Transform( -0.95328, 0, -0.302087, 0, 1, 0, 0.302087, 0, -0.95328, -2.44076, 0, 0.577488 )
mesh = SubResource( 1 )
material/0 = SubResource( 4 )

[node name="MeshInstance63" type="MeshInstance" parent="."]
transform = Transform( 0.88771, 0, -0.319059, 0, 1, 0, -0.298851, 0, -0.947735, -1.72103, 0, 0.352015 )
mesh = SubResource( 1 )
material/0 = SubResource( 5 )

[node name="MeshInstance64" type="MeshInstance" parent="."]
transform = Transform( 0.88771, 0, -0.319059, 0, 1, 0, -0.298851, 0, -0.947735, 1.90436, 0, -0.796846 )
mesh = SubResource( 1 )
material/0 = SubResource( 5 )
