[gd_scene load_steps=5 format=2]

[ext_resource path="res://prefabs/Objects/GrinderGear.tscn" type="PackedScene" id=1]
[ext_resource path="res://Scripts/Objects/GrinderGearPillar.gd" type="Script" id=2]

[sub_resource type="CylinderMesh" id=1]

[sub_resource type="BoxShape" id=2]
extents = Vector3( 2.76483, 1, 1.12838 )

[node name="GrinderGearPillar" type="Spatial"]
script = ExtResource( 2 )

[node name="MeshInstance" type="MeshInstance" parent="."]
transform = Transform( -1.23402e-07, 2.8231, 0, -0.260033, -1.13664e-08, 0, 0, 0, 0.260033, 0, 0, 0 )
mesh = SubResource( 1 )
material/0 = null

[node name="GrinderGear" parent="." instance=ExtResource( 1 )]
transform = Transform( 1, 0, 0, 0, 1, 0, 0, 0, 1, -1.73445, 0, 0 )

[node name="GrinderGear2" parent="." instance=ExtResource( 1 )]
transform = Transform( 1, 0, 0, 0, 1, 0, 0, 0, 1, -0.734449, 0, 0 )

[node name="GrinderGear3" parent="." instance=ExtResource( 1 )]
transform = Transform( 1, 0, 0, 0, 1, 0, 0, 0, 1, 0.265551, 0, 0 )

[node name="GrinderGear4" parent="." instance=ExtResource( 1 )]
transform = Transform( 1, 0, 0, 0, 1, 0, 0, 0, 1, 1.26555, 0, 0 )

[node name="GrinderGear5" parent="." instance=ExtResource( 1 )]
transform = Transform( 1, 0, 0, 0, 0.258819, 0.965926, 0, -0.965926, 0.258819, -1.22308, 0, 0 )

[node name="GrinderGear6" parent="." instance=ExtResource( 1 )]
transform = Transform( 1, 0, 0, 0, 0.258819, 0.965926, 0, -0.965926, 0.258819, -0.223077, 0, 0 )

[node name="GrinderGear7" parent="." instance=ExtResource( 1 )]
transform = Transform( 1, 0, 0, 0, 0.258819, 0.965926, 0, -0.965926, 0.258819, 0.776923, 0, 0 )

[node name="GrinderGear8" parent="." instance=ExtResource( 1 )]
transform = Transform( 1, 0, 0, 0, 0.258819, 0.965926, 0, -0.965926, 0.258819, 1.77692, 0, 0 )

[node name="Area" type="Area" parent="."]

[node name="CollisionShape" type="CollisionShape" parent="Area"]
shape = SubResource( 2 )
[connection signal="area_entered" from="Area" to="." method="_on_Area_area_entered"]
